2186767
201425
173545
2172433
8949668
174731
2537499
264834
2176503
8949659
450466
5638137
2187382
2160931
2537524
8986181
74730
190829
2471621
201445
2186780
1454757
2176452
2169046
5668520
4608855
191072
186550
186535
186609
186558
3223236
195734
164158
163733
421508
421495
186548
186583
189119
163748
186509
186524
187246
186510
186511
187247
163669
187253
186507
195733
186469
186544
187197
190682
168884
1629787
6790038
163743
186723
163770
190093
186679
190088
68637
186617
186663
189543
192929
349957
349857
350000
349955
350005
349946
349850
349950
70156
349968
349988
349852
349934
349951
349888
349900
349863
349935
350017
350018
349889
350002
350004
349942
350026
350043
349975
169852
349848
350025
350028
349953
349996
349901
349997
349903
349984
349989
350033
350039
349882
349886
350012
349922
349891
349887
350032
73866
73844
73673
349985
168327
198310
76527
349854
73875
349853
349872
349995
349947
350035
349865
349999
349864
2580340
350027
349899
350003
349986
70351
71033
70118
349992
349885
349956
350038
349871
349943
349948
349977
167064
350040
71289
349993
349867
114229
349866
349917
349952
349976
349884
349982
70224
350015
349966
349858
1598219
1598218
350001
349849
74960
350037
198702
349936
349987
70636
70154
210485
350034
349851
349856
349991
350022
350041
70671
350013
349959
74816
349945
198764
350042
349859
349944
349883
350014
349978
168887
349940
349890
350011
349921
349958
167212
350036
349902
112005
349855
349994
349990
5690283
349881
349898
349998